# Integration weights for the "1d Gauss, m=80" formula (Table 2) over the reference triangle [(0, 0), (1, 0), (0, 1)].
# The integration point coordinates (x_i, y_i, z_i) are barycentric i.e. x_i + y_i + z_i = 1.
# For the reference triangle, \int f(r) dr is approximated by \sum_i w_i f((y_i, z_i))
# 
# w_i x_i y_i z_i
3.236357434782148119e-07 9.995566088577811925e-01 2.230395161806342230e-04 2.203516260382287761e-04
7.521819026693133319e-07 9.986165146840411122e-01 2.228297450203031715e-04 1.160655570938640135e-03
1.178539412755802259e-06 9.969266974176311802e-01 2.224526818082606106e-04 2.850849900560559202e-03
1.600529567825271788e-06 9.944893227175837236e-01 2.219088097863974873e-04 5.288768472629934436e-03
2.016533359318504374e-06 9.913080105411669063e-01 2.211989367063016410e-04 8.470790522126903088e-03
2.424998808387087267e-06 9.873875348680760666e-01 2.203241278264655989e-04 1.239214100409752328e-02
2.824418109711109522e-06 9.827337887913729642e-01 2.192856981225732582e-04 1.704692551050451810e-02
3.213330903079391321e-06 9.773537704837411688e-01 2.180852091560048223e-04 2.242814430710277085e-02
3.590330692462147223e-06 9.712555712968828914e-01 2.167244664185163927e-04 2.852770423669859223e-02
3.954071635083848312e-06 9.644483631339038077e-01 2.152055165143829107e-04 3.533643134958180942e-02
4.303275158973560865e-06 9.569423844758231379e-01 2.135306440423923036e-04 4.284408488013446981e-02
4.636736250104034283e-06 9.487489249041671791e-01 2.117023681423302328e-04 5.103937272769060174e-02
4.953329338018248464e-06 9.398803080830098189e-01 2.097234386975732612e-04 5.990996847829260785e-02
5.252013734608693886e-06 9.303498732039120478e-01 2.075968321946786155e-04 6.944252996389332910e-02
5.531838590852022536e-06 9.201719549120452868e-01 2.053257472441893938e-04 7.962271934071052382e-02
5.791947341775683202e-06 9.093618617395333725e-01 2.029135997682618431e-04 9.043522466069831012e-02
6.031581614009130585e-06 8.979358530763851265e-01 2.003640178621646228e-04 1.018637829057527089e-01
6.250084573896704162e-06 8.859111147126093044e-01 1.976808363363669052e-04 1.138912044510543287e-01
6.446903697663407449e-06 8.733057329877359498e-01 1.948680909487632285e-04 1.264993989213153425e-01
6.621592948644304600e-06 8.601386675863121889e-01 1.919300123340850206e-04 1.396694024013537261e-01
6.773814350151390214e-06 8.464297230201092148e-01 1.888710196404352892e-04 1.533814059602503499e-01
6.903338946154641186e-06 8.321995188398236820e-01 1.856957138824943954e-04 1.676147854462938236e-01
7.010047145593676110e-06 8.174694586210127234e-01 1.824088710209448294e-04 1.823481325079662763e-01
7.093928449791504148e-06 8.022616977708674213e-01 1.790154347791617084e-04 1.975592867943534170e-01
7.155080566093968484e-06 7.865991102042195759e-01 1.755205092071054906e-04 2.132253692865733741e-01
7.193707914490047480e-06 7.705052539388859145e-01 1.719293510044628270e-04 2.293228167101095671e-01
7.210119537553579065e-06 7.540043356620866888e-01 1.682473616140267580e-04 2.458274169762993400e-01
7.204726427568689521e-06 7.371211743212230383e-01 1.644800790972511528e-04 2.627143455996797661e-01
7.178038288137955101e-06 7.198811637937745367e-01 1.606331698047469558e-04 2.799582030364207164e-01
7.130659750901106764e-06 7.023102346924572359e-01 1.567124198533775825e-04 2.975330528876893865e-01
7.063286071196793463e-06 6.844348153630895881e-01 1.527237264232761405e-04 3.154124609104871357e-01
6.976698329558580771e-06 6.662817921338275440e-01 1.486730888882181745e-04 3.335695347772842378e-01
6.871758168831734563e-06 6.478784688755550025e-01 1.445665997916734113e-04 3.519769645246533241e-01
6.749402099412639099e-06 6.292525259342544031e-01 1.404104356833024703e-04 3.706070636300623500e-01
6.610635407631038780e-06 6.104319784971260487e-01 1.362108478286105928e-04 3.894318106550452852e-01
6.456525704601409485e-06 5.914451344550808454e-01 1.319741528066353808e-04 4.084228913921125748e-01
6.288196154950485758e-06 5.723205518249596668e-01 1.277067230090467298e-04 4.275517414520312864e-01
6.106818426672690962e-06 5.530869957955864002e-01 1.234149770557024794e-04 4.467895892273578973e-01
5.913605404955974225e-06 5.337733954621664001e-01 1.191053701400934806e-04 4.661074991676933954e-01
5.709803714160126154e-06 5.144088003141833454e-01 1.147843843203877334e-04 4.854764153014962669e-01
5.496686093196385102e-06 4.950223365422053989e-01 1.104585187697848525e-04 5.048672049390248162e-01
5.275543670355505606e-06 4.756431632293282030e-01 1.061342800009468235e-04 5.242507024906708502e-01
5.047678184150641027e-06 4.563004284931442278e-01 1.018181720797706191e-04 5.435977533347760016e-01
4.814394196981232328e-06 4.370232256442063701e-01 9.751668684254699571e-05 5.628792576689510829e-01
4.576991348381788167e-06 4.178405494269276099e-01 9.323629413177103586e-05 5.820662142789406746e-01
4.336756694296636399e-06 3.987812524087348542e-01 8.898343206475978207e-05 6.011297641592003860e-01
4.094957178219115627e-06 3.798740015830717187e-01 8.476449735000946006e-05 6.200412339195782163e-01
3.852832279156550826e-06 3.611472352515240347e-01 8.058583566616928096e-05 6.387721789128097960e-01
3.611586880234475363e-06 3.426291202499192057e-01 7.645373211756512077e-05 6.572944260179631737e-01
3.372384400343342528e-06 3.243475095827422772e-01 7.237440178042842120e-05 6.755801160154772944e-01
3.136340229566583801e-06 3.063299005295823108e-01 6.835398035520690030e-05 6.936017454900624823e-01
2.904515507219402205e-06 2.886033932866294283e-01 6.439851493783566028e-05 7.113322081984327916e-01
2.677911279187125840e-06 2.711946502054252139e-01 6.051395492417954713e-05 7.287448358396506620e-01
2.457463068890315532e-06 2.541298556901803174e-01 5.670614306174659447e-05 7.458134381667579360e-01
2.244035893638227150e-06 2.374346768139760089e-01 5.298080666149562745e-05 7.625123423793624955e-01
2.038419755376036064e-06 2.211342247130909655e-01 4.934354898356030361e-05 7.788164317379254742e-01
1.841325631902625167e-06 2.052530168175228376e-01 4.579984080932408830e-05 7.947011833416678384e-01
1.653381991551617206e-06 1.898149399745163723e-01 4.235501221300230767e-05 8.101427050132705698e-01
1.475131851107716008e-06 1.748432145205762733e-01 3.901424454461066560e-05 8.251177712348791715e-01
1.307030393391978017e-06 1.603603593559839169e-01 3.578256263664369996e-05 8.396038580813793839e-01
1.149443157517194842e-06 1.463881580744381683e-01 3.266482724656460945e-05 8.535791770983152116e-01
1.002644811299346703e-06 1.329476261986689556e-01 2.966572774559805836e-05 8.670227080735853908e-01
8.668185117500342554e-07 1.200589795714332997e-01 2.678977506570534572e-05 8.799142306535010505e-01
7.420558559722269722e-07 1.077416039494301092e-01 2.404129491462292378e-05 8.922343547556552679e-01
6.283574211718798313e-07 9.601402584594975753e-02 2.142442126984445139e-05 9.039645497327803980e-01
5.256338888969534670e-07 8.489388466621894391e-02 1.894309016103878918e-05 9.150871722436200173e-01
4.337077450463481702e-07 7.439790617753649915e-02 1.660103375000776538e-05 9.255854927887134931e-01
3.523155436756963399e-07 6.454187735440797269e-02 1.440177471784265251e-05 9.354437208708741291e-01
2.811107191860159740e-07 5.534062263705608053e-02 1.234862096727296077e-05 9.446470287419765910e-01
2.196669281357212351e-07 4.680798164000132822e-02 1.044466064836768737e-05 9.531815736993503041e-01
1.674818986865677611e-07 3.895678834612459340e-02 8.692757516359783665e-06 9.610345188963590468e-01
1.239817625994374495e-07 3.179885182129948973e-02 7.095546627866600176e-06 9.681940526320726992e-01
8.852584175494736368e-08 2.534493848670527072e-02 5.655430385442805630e-06 9.746494060829092865e-01
6.041185840503311587e-08 1.960475599415500980e-02 4.374574939569608745e-06 9.803908694309053651e-01
3.888153578228343037e-08 1.458693877571071162e-02 3.254906964011983206e-06 9.854098063173253319e-01
2.312655332240237117e-08 1.029903542188970178e-02 2.298110839626943402e-06 9.896986664672706713e-01
1.229481862191828809e-08 6.747498340895496938e-03 1.505626346764987744e-06 9.932509960327577936e-01
5.497016444526438987e-09 3.937677447382492701e-03 8.786472571742365290e-07 9.960614439053603331e-01
1.813394204384827326e-09 1.873827243481063221e-03 4.181229137922848338e-07 9.981257546336050890e-01
3.007505794065157666e-10 5.592119400966710785e-04 1.247816876492890970e-07 9.994406632782156796e-01
7.528841183653606853e-07 9.986048395011812850e-01 1.174808872780541691e-03 2.203516260382287761e-04
1.749824671883579439e-06 9.976656404771695463e-01 1.173703951891869046e-03 1.160655570938640135e-03
2.741673701413051531e-06 9.959774322404815194e-01 1.171717858957865843e-03 2.850849900560559202e-03
3.723362814129137585e-06 9.935423783880273918e-01 1.168853139342673764e-03 5.288768472629934436e-03
4.691125658952588048e-06 9.903640954301824451e-01 1.165114047690596344e-03 8.470790522126903088e-03
5.641351818151261686e-06 9.864473528008992353e-01 1.160506195003296881e-03 1.239214100409752328e-02
6.570533636276635523e-06 9.817980379818858072e-01 1.155036507609730201e-03 1.704692551050451810e-02
7.475273830944899522e-06 9.764231424822247263e-01 1.148713210672391849e-03 2.242814430710277085e-02
8.352300425729751720e-06 9.703307499491018451e-01 1.141545814199562692e-03 2.852770423669859223e-02
9.198482543798424258e-06 9.635300235522139545e-01 1.133545098204236101e-03 3.533643134958180942e-02
1.001084580252939460e-05 9.560311920235852190e-01 1.124723096280311196e-03 4.284408488013446981e-02
1.078658693948393315e-05 9.478455341948976987e-01 1.115093077411699607e-03 5.103937272769060174e-02
1.152308750432622482e-05 9.389853619957369002e-01 1.104669525970547461e-03 5.990996847829260785e-02
1.221792651122851559e-05 9.294640019161978239e-01 1.093468119908846958e-03 6.944252996389332910e-02
1.286889196988050062e-05 9.192957749521241118e-01 1.081505707165308916e-03 7.962271934071052382e-02
1.347399122595651525e-05 9.084959750589847172e-01 1.068800280316917206e-03 9.043522466069831012e-02
1.403146005137612950e-05 8.970808461447346005e-01 1.055370949512690615e-03 1.018637829057527089e-01
1.453977043312557508e-05 8.850675576352184937e-01 1.041237913727177666e-03 1.138912044510543287e-01
1.499763701758246910e-05 8.724741786483066752e-01 1.026422430377926798e-03 1.264993989213153425e-01
1.540402217547375474e-05 8.593196508152952662e-01 1.010946783351007738e-03 1.396694024013537261e-01
1.575813966088591793e-05 8.456237597902662717e-01 9.948342494833783967e-04 1.533814059602503499e-01
1.605945684612785591e-05 8.314071054901545077e-01 9.781090635516132004e-04 1.676147854462938236e-01
1.630769552271402274e-05 8.166910711102135512e-01 9.607963818202280848e-04 1.823481325079662763e-01
1.650283126723839215e-05 8.014977909614424689e-01 9.429222442040585683e-04 1.975592867943534170e-01
1.664509137940568416e-05 7.858501171783252026e-01 9.245135351015343339e-04 2.132253692865733741e-01
1.673495140793473758e-05 7.697715853469326852e-01 9.055979429577476481e-04 2.293228167101095671e-01
1.677313028838946590e-05 7.532863791050821156e-01 8.862039186185444173e-04 2.458274169762993400e-01
1.676058412518578736e-05 7.364192937677828121e-01 8.663606325374217931e-04 2.627143455996797661e-01
1.669849865801775242e-05 7.191956990326787702e-01 8.460979309005134397e-04 2.799582030364207164e-01
1.658828046068997177e-05 7.016415008215757254e-01 8.254462907349435774e-04 2.975330528876893865e-01
1.643154692779876796e-05 6.837831023154443688e-01 8.044367740685509638e-04 3.154124609104871357e-01
1.623011511181975691e-05 6.656473642415062786e-01 7.831009812094835709e-04 3.335695347772842378e-01
1.598598947989533117e-05 6.472615644721303463e-01 7.614710032163296560e-04 3.519769645246533241e-01
1.570134866593206124e-05 6.286533569963073109e-01 7.395793736303390986e-04 3.706070636300623500e-01
1.537853129947667748e-05 6.098507303254131484e-01 7.174590195415664340e-04 3.894318106550452852e-01
1.502002099820391166e-05 5.908819653958239382e-01 6.951432120634870593e-04 4.084228913921125748e-01
1.462843061569010673e-05 5.717755930316785751e-01 6.726655162901939988e-04 4.275517414520312864e-01
1.420648584043776668e-05 5.525603510318308764e-01 6.500597408111707942e-04 4.467895892273578973e-01
1.375700824581698012e-05 5.332651409454465252e-01 6.273598868599683520e-04 4.661074991676933954e-01
1.328289789370585648e-05 5.139189846013305640e-01 6.046000971731690932e-04 4.854764153014962669e-01
1.278711559709370860e-05 4.945509804563387179e-01 5.818146046364658375e-04 5.048672049390248162e-01
1.227266494876801636e-05 4.751902598285340229e-01 5.590376807950714344e-04 5.242507024906708502e-01
1.174257422441391929e-05 4.558659430809178792e-01 5.363035843061192409e-04 5.435977533347760016e-01
1.119987826901299937e-05 4.366070958216384801e-01 5.136465094104925022e-04 5.628792576689510829e-01
1.064760047532965300e-05 4.174426851865581378e-01 4.911005345011876244e-04 5.820662142789406746e-01
1.008873496252240847e-05 3.984015362699331320e-01 4.686995708664265514e-04 6.011297641592003860e-01
9.526229061515681089e-06 3.795122887687381041e-01 4.464773116836240341e-04 6.200412339195782163e-01
8.962966211726988819e-06 3.608033539058481676e-01 4.244671813420364259e-04 6.387721789128097960e-01
8.401749371074243296e-06 3.423028716968680163e-01 4.027022851688100147e-04 6.572944260179631737e-01
7.845285037907143399e-06 3.240386686248868386e-01 3.812153596358114349e-04 6.755801160154772944e-01
7.296167979634791597e-06 3.060382157868166697e-01 3.600387231208479477e-04 6.936017454900624823e-01
6.756866758379541447e-06 2.883285875742697124e-01 3.392042272974959971e-04 7.113322081984327916e-01
6.229710139007466891e-06 2.709364209511218036e-01 3.187432092275344075e-04 7.287448358396506620e-01
5.716874459391912881e-06 2.538878753890151385e-01 2.986864442269254738e-04 7.458134381667579360e-01
5.220372036798116603e-06 2.372085935210608287e-01 2.790640995766757726e-04 7.625123423793624955e-01
4.742040677865137156e-06 2.209236625729257275e-01 2.599056891487427912e-04 7.788164317379254742e-01
4.283534352848347371e-06 2.050575766293180058e-01 2.412400290142113768e-04 7.947011833416678384e-01
3.846315087611131849e-06 1.896341997926280776e-01 2.230951941012970785e-04 8.101427050132705698e-01
3.431646119362135388e-06 1.746767302891525375e-01 2.054984759682354500e-04 8.251177712348791715e-01
3.040586354368147201e-06 1.602076655768664981e-01 1.884763417541179820e-04 8.396038580813793839e-01
2.673986157887664919e-06 1.462487685073144972e-01 1.720543943702912415e-04 8.535791770983152116e-01
2.332484498392637461e-06 1.328210345924235591e-01 1.562573339911055292e-04 8.670227080735853908e-01
2.016507459861671943e-06 1.199446604255958171e-01 1.411089209031324287e-04 8.799142306535010505e-01
1.726268127547259723e-06 1.076390133045769248e-01 1.266319397678072889e-04 8.922343547556552679e-01
1.461767844221963244e-06 9.592260210186753788e-02 1.128481653521196115e-04 9.039645497327803980e-01
1.222798825531388492e-06 8.481304942660172763e-02 9.977832977831058159e-05 9.150871722436200173e-01
1.008948114779011152e-06 7.432706511994413567e-02 8.744209134242675319e-05 9.255854927887134931e-01
8.196028492895580197e-07 6.448042112417651239e-02 7.585800494935845961e-05 9.354437208708741291e-01
6.539568024928701619e-07 5.528792776381497021e-02 6.504349420838329010e-05 9.446470287419765910e-01
5.110181580874183209e-07 4.676341147541585030e-02 5.501482523384559897e-05 9.531815736993503041e-01
3.896184651287787678e-07 3.891969402145023516e-02 4.578708219071803143e-05 9.610345188963590468e-01
2.884227156891410161e-07 3.176857322329873501e-02 3.737414462856580855e-05 9.681940526320726992e-01
2.059404798923621738e-07 2.532080525044555497e-02 2.978866664521406804e-05 9.746494060829092865e-01
1.405380266878587533e-07 1.958608851115961613e-02 2.304205793501878929e-05 9.803908694309053651e-01
9.045135272614343902e-08 1.457304921586954904e-02 1.714446680511905186e-05 9.854098063173253319e-01
5.380003618215444546e-08 1.028922876738880277e-02 1.210476534047044694e-05 9.896986664672706713e-01
2.860182740985797609e-08 6.741073429992305854e-03 7.930537249900559971e-06 9.932509960327577936e-01
1.278788410389461237e-08 3.933928024190902484e-03 4.628070448764454170e-06 9.960614439053603331e-01
4.218556585079507718e-09 1.872043001013956598e-03 2.202365381009929735e-06 9.981257546336050890e-01
6.996456336708308251e-10 5.586794632127523030e-04 6.572585716235757047e-07 9.994406632782156796e-01
1.181622553498441632e-06 9.968940548421807435e-01 2.885593531781138754e-03 2.203516260382287761e-04
2.746282258489963757e-06 9.959564648302809964e-01 2.882879598780252461e-03 1.160655570938640135e-03
4.302951013174493230e-06 9.942711487894231315e-01 2.878001310016364833e-03 2.850849900560559202e-03
5.843674170713966356e-06 9.918402666098967702e-01 2.870964917473295408e-03 5.288768472629934436e-03
7.362540588515420904e-06 9.886674286063632522e-01 2.861780871509789215e-03 8.470790522126903088e-03
8.853883855353299596e-06 9.847573960419009342e-01 2.850462954001653504e-03 1.239214100409752328e-02
1.031219884143834088e-05 9.801160463119320543e-01 2.837028177563316600e-03 1.704692551050451810e-02
1.173215364324463388e-05 9.747503589478627717e-01 2.821496745034346443e-03 2.242814430710277085e-02
1.310861302010827999e-05 9.686684037481775311e-01 2.803892015123932158e-03 2.852770423669859223e-02
1.443666318172931013e-05 9.618793281844617571e-01 2.784240465956488997e-03 3.533643134958180942e-02
1.571163594942977045e-05 9.543933434651333814e-01 2.762571654732093318e-03 4.284408488013446981e-02
1.692913171105131981e-05 9.462217090992643964e-01 2.738918173044946336e-03 5.103937272769060174e-02
1.808504090989521273e-05 9.373767159239525526e-01 2.713315597754839548e-03 5.990996847829260785e-02
1.917556390218361342e-05 9.278716675986855567e-01 2.685802437421114242e-03 6.944252996389332910e-02
2.019722905453361390e-05 9.177208605849379586e-01 2.656420074351573124e-03 7.962271934071052382e-02
2.114690897292122781e-05 9.069395626369589625e-01 2.625212702342671900e-03 9.043522466069831012e-02
2.202183476949439876e-05 8.955439898340499250e-01 2.592227260197366157e-03 1.018637829057527089e-01
2.281960828682747644e-05 8.835512821878275247e-01 2.557513361118146644e-03 1.138912044510543287e-01
2.353821221204006217e-05 8.709794778606044785e-01 2.521123218080123518e-03 1.264993989213153425e-01
2.417601802605291692e-05 8.578474860333512586e-01 2.483111565295070822e-03 1.396694024013537261e-01
2.473179174626321424e-05 8.441750584638654242e-01 2.443535575884170363e-03 1.533814059602503499e-01
2.520469743407553000e-05 8.299827597778234312e-01 2.402454775882745253e-03 1.676147854462938236e-01
2.559429845201396312e-05 8.152919365373267890e-01 2.359930954706990214e-03 1.823481325079662763e-01
2.590055646848577159e-05 8.001246851334309351e-01 2.316028072215703393e-03 1.975592867943534170e-01
2.612382822160105994e-05 7.845038185509181083e-01 2.270812162508573095e-03 2.132253692865733741e-01
2.626486006671220359e-05 7.684528320552863612e-01 2.224351234604016181e-03 2.293228167101095671e-01
2.632478034542730790e-05 7.519958678535536567e-01 2.176715170147003331e-03 2.458274169762993400e-01
2.630508962671016364e-05 7.351576787820199854e-01 2.127975618300248506e-03 2.627143455996797661e-01
2.620764888322693029e-05 7.179635910756024808e-01 2.078205887976802835e-03 2.799582030364207164e-01
2.603466567825348156e-05 7.004394662747339684e-01 2.027480837576645101e-03 2.975330528876893865e-01
2.578867845015809157e-05 6.826116623271207828e-01 1.975876762392081432e-03 3.154124609104871357e-01
2.547253899264141871e-05 6.645069939428630557e-01 1.923471279852706495e-03 3.335695347772842378e-01
2.508939323948717652e-05 6.461526922625656644e-01 1.870343212781011566e-03 3.519769645246533241e-01
2.464266047249057793e-05 6.275763638991019855e-01 1.816572470835609021e-03 3.706070636300623500e-01
2.413601108042631103e-05 6.088059494146355055e-01 1.762239930319209336e-03 3.894318106550452852e-01
2.357334300533770117e-05 5.898696812953541091e-01 1.707427312533371655e-03 4.084228913921125748e-01
2.295875702002561750e-05 5.707960414871073862e-01 1.652217060861327358e-03 4.275517414520312864e-01
2.229653098735076626e-05 5.516137185558762646e-01 1.596692216765782657e-03 4.467895892273578973e-01
2.159109325777122969e-05 5.323515645374201632e-01 1.540936294886330327e-03 4.661074991676933954e-01
2.084699536642784393e-05 5.130385515410778030e-01 1.485033157425819095e-03 4.854764153014962669e-01
2.006888419498475487e-05 4.937037281729620419e-01 1.429066888013141856e-03 5.048672049390248162e-01
1.926147376634753091e-05 4.743761758440951937e-01 1.373121665234011690e-03 5.242507024906708502e-01
1.842951684227656325e-05 4.550849650292060344e-01 1.317281636017963997e-03 5.435977533347760016e-01
1.757777649478936032e-05 4.358591115419753192e-01 1.261630789073653336e-03 5.628792576689510829e-01
1.671099782209073555e-05 4.167275328924976430e-01 1.206252828561682477e-03 5.820662142789406746e-01
1.583387997859141464e-05 3.977190047926040251e-01 1.151231048195644480e-03 6.011297641592003860e-01
1.495104868637525877e-05 3.788621178744612239e-01 1.096648205960559785e-03 6.200412339195782163e-01
1.406702939227303351e-05 3.601852346875531463e-01 1.042586399637002170e-03 6.387721789128097960e-01
1.318622123050940328e-05 3.417164470387186181e-01 9.891269433182081627e-04 6.572944260179631737e-01
1.231287194574121277e-05 3.234835337394167398e-01 9.363502451059657616e-04 6.755801160154772944e-01
1.145105392522818896e-05 3.055139188237682157e-01 8.843356861693019155e-04 6.936017454900624823e-01
1.060464148190552151e-05 2.878346303002194961e-01 8.331615013477122744e-04 7.113322081984327916e-01
9.777289522312513094e-06 2.704722594988708817e-01 7.829046614785117875e-04 7.287448358396506620e-01
8.972413724708863320e-06 2.534529210756165662e-01 7.336407576255532526e-04 7.458134381667579360e-01
8.193172343343000817e-06 2.368022137332543853e-01 6.854438873831192325e-04 7.625123423793624955e-01
7.442449744773743547e-06 2.205451817186483421e-01 6.383865434261837279e-04 7.788164317379254742e-01
6.722841771453992128e-06 2.047062771538572523e-01 5.925395044749093287e-04 7.947011833416678384e-01
6.036643016524749740e-06 1.893093232578928475e-01 5.479717288366381389e-04 8.101427050132705698e-01
5.385836082009012834e-06 1.743774785144343031e-01 5.047502506865808591e-04 8.251177712348791715e-01
4.772082880406139763e-06 1.599332018393784249e-01 4.629400792422466715e-04 8.396038580813793839e-01
4.196718027155135194e-06 1.459982188007007409e-01 4.226041009839920370e-04 8.535791770983152116e-01
3.660744358600944176e-06 1.325934889413461493e-01 3.838029850684598898e-04 8.670227080735853908e-01
3.164830597096086245e-06 1.197391742544215987e-01 3.465950920773508415e-04 8.799142306535010505e-01
2.709311171716721605e-06 1.074546088581059822e-01 3.110363862387499623e-04 8.922343547556552679e-01
2.294188189892540877e-06 9.575826991596569915e-02 2.771803512539028347e-04 9.039645497327803980e-01
1.919135542102267734e-06 8.466774984652492009e-02 2.450779098550071033e-04 9.150871722436200173e-01
1.583505108755745307e-06 7.419972986406930815e-02 2.147773472172542775e-04 9.255854927887134931e-01
1.286335025547915301e-06 6.436995489078611854e-02 1.863242383397523128e-04 9.354437208708741291e-01
1.026359951006842459e-06 5.519320987851661364e-02 1.597613795067953646e-04 9.446470287419765910e-01
8.020232677431744494e-07 4.668329757671429991e-02 1.351287239353959890e-04 9.531815736993503041e-01
6.114911371157337380e-07 3.885301778192973288e-02 1.124633217112203099e-04 9.610345188963590468e-01
4.526683157289959068e-07 3.171414810381312233e-02 9.179926411417849152e-05 9.681940526320726992e-01
3.232156314406636882e-07 2.527742628464990648e-02 7.316763244075152883e-05 9.746494060829092865e-01
2.205690064482839187e-07 1.955253411764057425e-02 5.659645145411618117e-05 9.803908694309053651e-01
1.419599056063330056e-07 1.454808303500687572e-02 4.211064766784788915e-05 9.854098063173253319e-01
8.443707946701021159e-08 1.027160151982120517e-02 2.973201290817906184e-05 9.896986664672706713e-01
4.488946374926353851e-08 6.729524792780550158e-03 1.947917446160074562e-05 9.932509960327577936e-01
2.007009033673527403e-08 3.927188517784396815e-03 1.136757685527012285e-05 9.960614439053603331e-01
6.620861673854981381e-09 1.868835864096030086e-03 5.409502298880930482e-06 9.981257546336050890e-01
1.098066807408695814e-09 5.577223476279646874e-04 1.614374156411191308e-06 9.994406632782156796e-01
1.608616895007609877e-06 9.944264794632931004e-01 5.353168910668781866e-03 2.203516260382287761e-04
3.738686288939759878e-06 9.934912102336446171e-01 5.348134195416687220e-03 1.160655570938640135e-03
5.857877101016023435e-06 9.918100657939190601e-01 5.339084305520380713e-03 2.850849900560559202e-03
7.955360171569768291e-06 9.893852006881089789e-01 5.326030839261142180e-03 5.288768472629934436e-03
1.002308829143450905e-05 9.862202162943956019e-01 5.308993183477550559e-03 8.470790522126903088e-03
1.205334741960408487e-05 9.823198620904769474e-01 5.287996905425640382e-03 1.239214100409752328e-02
1.403864307760734806e-05 9.776900009236737521e-01 5.263073565821674293e-03 1.704692551050451810e-02
1.597171661075043203e-05 9.723375950492132436e-01 5.234260643683930070e-03 2.242814430710277085e-02
1.784557709382848345e-05 9.662706942907027807e-01 5.201601472598627041e-03 2.852770423669859223e-02
1.965353507590671852e-05 9.594984234773262788e-01 5.165145173091856279e-03 3.533643134958180942e-02
2.138923547255650070e-05 9.520309685420713652e-01 5.124946577794164959e-03 4.284408488013446981e-02
2.304668881579718221e-05 9.438795611237587035e-01 5.081066148550694717e-03 5.103937272769060174e-02
2.462030050833792478e-05 9.350564616364267501e-01 5.033569885280642087e-03 5.990996847829260785e-02
2.610489785678527449e-05 9.255749408095018671e-01 4.982529226604748285e-03 6.944252996389332910e-02
2.749575470886964180e-05 9.154492597169504586e-01 4.928020942338962040e-03 7.962271934071052382e-02
2.878861354695188098e-05 9.046946483213085255e-01 4.870127017993219898e-03 9.043522466069831012e-02
2.997970491033067711e-05 8.933272825628091329e-01 4.808934531438102677e-03 1.018637829057527089e-01
3.106576403688688704e-05 8.813642600270259475e-01 4.744535521919834853e-03 1.138912044510543287e-01
3.204404463206789167e-05 8.688235742270679074e-01 4.677026851616694625e-03 1.264993989213153425e-01
3.291232969070823886e-05 8.557240875387021051e-01 4.606510059944224356e-03 1.396694024013537261e-01
3.366893931489369911e-05 8.420855028289226940e-01 4.533091210827011608e-03 1.533814059602503499e-01
3.431273548898313856e-05 8.279283338205403187e-01 4.456880733165857755e-03 1.676147854462938236e-01
3.484312379099412305e-05 8.132738742372926932e-01 4.377993254741086027e-03 1.823481325079662763e-01
3.526005203772525516e-05 7.981441657758467922e-01 4.296547429799846274e-03 1.975592867943534170e-01
3.556400587914091088e-05 7.825619649528383626e-01 4.212665760588318875e-03 2.132253692865733741e-01
3.575600137559466028e-05 7.665507088767944399e-01 4.126474413095937432e-03 2.293228167101095671e-01
3.583757460928870128e-05 7.501344799964113630e-01 4.038103027289408065e-03 2.458274169762993400e-01
3.581076839887112020e-05 7.333379698781988809e-01 3.947684522121408524e-03 2.627143455996797661e-01
3.567811620315502168e-05 7.161864420679715515e-01 3.855354895607732146e-03 2.799582030364207164e-01
3.544262331648913907e-05 6.987056940920376435e-01 3.761253020272969927e-03 2.975330528876893865e-01
3.510774547423843188e-05 6.809220186552396026e-01 3.665520434273206174e-03 3.154124609104871357e-01
3.467736500203586603e-05 6.628621640942071735e-01 3.568301128508644116e-03 3.335695347772842378e-01
3.415576465685834731e-05 6.445532941452988274e-01 3.469741330047848571e-03 3.519769645246533241e-01
3.354759932147557429e-05 6.260229470877495261e-01 3.369989282188123880e-03 3.706070636300623500e-01
3.285786572633817248e-05 6.072989943234711196e-01 3.269195021483539687e-03 3.894318106550452852e-01
3.209187038443381246e-05 5.884095984558117554e-01 3.167510152075558860e-03 4.084228913921125748e-01
3.125519593498219913e-05 5.693831709303027733e-01 3.065087617665995801e-03 4.275517414520312864e-01
3.035366610100883897e-05 5.502483293011670717e-01 2.962081471475086492e-03 4.467895892273578973e-01
2.939330947374432112e-05 5.310338541877754892e-01 2.858646644531115388e-03 4.661074991676933954e-01
2.838032234345416407e-05 5.117686459858648007e-01 2.754938712638876908e-03 4.854764153014962669e-01
2.732103080160635028e-05 4.924816813985959385e-01 2.651113662379245284e-03 5.048672049390248162e-01
2.622185234325197966e-05 4.732019698528384666e-01 2.547327656490627756e-03 5.242507024906708502e-01
2.508925720107497569e-05 4.539585098662390905e-01 2.443736798984907921e-03 5.435977533347760016e-01
2.392972964375895322e-05 4.347802454306961550e-01 2.340496900352762033e-03 5.628792576689510829e-01
2.274972947110896732e-05 4.156960224778499802e-01 2.237763243209400787e-03 5.820662142789406746e-01
2.155565393676151810e-05 3.967345454920644388e-01 2.135690348735175270e-03 6.011297641592003860e-01
2.035380032632077939e-05 3.779243343361611274e-01 2.034431744260711827e-03 6.200412339195782163e-01
1.915032941439948321e-05 3.592936813548426311e-01 1.934139732347572860e-03 6.387721789128097960e-01
1.795123001833718308e-05 3.408706088203261597e-01 1.834965161710666592e-03 6.572944260179631737e-01
1.676228485935941454e-05 3.226828267841953535e-01 1.737057200327352113e-03 6.755801160154772944e-01
1.558903793366835517e-05 3.047576913988625513e-01 1.640563111074910818e-03 6.936017454900624823e-01
1.443676358646471726e-05 2.871221637713339270e-01 1.545628030233281436e-03 7.113322081984327916e-01
1.331043747126102395e-05 2.698027694111631014e-01 1.452394749186181055e-03 7.287448358396506620e-01
1.221470956510806784e-05 2.528255583335924372e-01 1.361003499649682258e-03 7.458134381667579360e-01
1.115387939760412059e-05 2.362160658778869049e-01 1.271591742750544096e-03 7.625123423793624955e-01
1.013187363785698676e-05 2.199992742998029271e-01 1.184293962271598666e-03 7.788164317379254742e-01
9.152226169012474860e-06 2.041995751959561067e-01 1.099241462376110423e-03 7.947011833416678384e-01
8.218060764633350790e-06 1.888407328166156196e-01 1.016562170113810559e-03 8.101427050132705698e-01
7.332076465204940610e-06 1.739458483221136831e-01 9.363804430071454021e-04 8.251177712348791715e-01
6.496535736449972286e-06 1.595373250366142193e-01 8.588168820063968312e-04 8.396038580813793839e-01
5.713255474074411898e-06 1.456368347515892836e-01 7.839881500955048210e-04 8.535791770983152116e-01
4.983600902093853064e-06 1.322652851295937904e-01 7.120067968208187992e-04 8.670227080735853908e-01
4.308482394189931680e-06 1.194427882574911060e-01 6.429810890078990759e-04 8.799142306535010505e-01
3.688355229639859943e-06 1.071886303964245668e-01 5.770148479201653302e-04 8.922343547556552679e-01
3.123222277419855424e-06 9.552124297411390685e-02 5.142072931056951290e-04 9.039645497327803980e-01
2.612639584184585209e-06 8.445817486321327561e-02 4.546528931667070950e-04 9.150871722436200173e-01
2.155724824085049108e-06 7.401606598760879230e-02 3.984412236777146177e-04 9.255854927887134931e-01
1.751168550913369932e-06 6.421062229665830401e-02 3.456568324675668435e-04 9.354437208708741291e-01
1.397248175959910562e-06 5.505659214555247427e-02 2.963791124709347358e-04 9.446470287419765910e-01
1.091844578339443370e-06 4.656774411830411076e-02 2.506821823455851472e-04 9.531815736993503041e-01
8.324612384889465613e-07 3.875684632859577317e-02 2.086347750451800209e-04 9.610345188963590468e-01
6.162457701576547857e-07 3.163564723339140627e-02 1.703001345358945429e-04 9.681940526320726992e-01
4.400137115922865666e-07 2.521485799623590651e-02 1.357359208548070129e-04 9.746494060829092865e-01
3.002744228580094634e-07 1.950413644534099156e-02 1.049941237536433647e-04 9.803908694309053651e-01
1.932589234150344533e-07 1.451207269736576322e-02 7.812098530884936665e-05 9.854098063173253319e-01
1.149494922837996766e-07 1.024617660040383349e-02 5.515693232555074488e-05 9.896986664672706713e-01
6.111084252844046281e-08 6.712867446285630812e-03 3.613652095657560182e-05 9.932509960327577936e-01
2.732267279802214247e-08 3.917467691737064328e-03 2.108840290260260986e-05 9.960614439053603331e-01
9.013394265824271325e-09 1.864210003059918463e-03 1.003536333499255306e-05 9.981257546336050890e-01
1.494867217128676028e-09 5.563418379072038178e-04 2.994883877172060949e-06 9.994406632782156796e-01
2.033172694405849185e-06 9.912058244157193609e-01 8.573823958242521304e-03 2.203516260382287761e-04
4.725422752435965371e-06 9.902735842481760198e-01 8.565760180885284569e-03 1.160655570938640135e-03
7.403923088172419763e-06 9.885978845411051985e-01 8.551265558334186778e-03 2.850849900560559202e-03
1.005498644531081211e-05 9.861808728605647723e-01 8.530358666805237799e-03 5.288768472629934436e-03
1.266844174707440893e-05 9.830261389209309364e-01 8.503070556942216029e-03 8.470790522126903088e-03
1.523453901658187571e-05 9.791384168177392766e-01 8.469442178163255619e-03 1.239214100409752328e-02
1.774380578774532820e-05 9.745235504102716106e-01 8.429524079223760236e-03 1.704692551050451810e-02
2.018706765827700986e-05 9.691884794050571461e-01 8.383376287840083041e-03 2.242814430710277085e-02
2.255548861614742066e-05 9.631412275546907820e-01 8.331068208610681314e-03 2.852770423669859223e-02
2.484061369049097854e-05 9.563908901357169867e-01 8.272678514701092833e-03 3.533643134958180942e-02
2.703441052495791924e-05 9.489476200918808280e-01 8.208295027984646719e-03 4.284408488013446981e-02
2.912930887532785346e-05 9.408226126860264049e-01 8.138014586282993346e-03 5.103937272769060174e-02
3.111823758470614980e-05 9.320280886243150764e-01 8.061942897392260221e-03 5.990996847829260785e-02
3.299465875149750670e-05 9.225772756561817500e-01 7.980194379924865355e-03 6.944252996389332910e-02
3.475259886903670615e-05 9.124843886681663907e-01 7.892891991123085482e-03 7.962271934071052382e-02
3.638667675014564884e-05 9.017646082974331012e-01 7.800167041868644180e-03 9.043522466069831012e-02
3.789212807549240694e-05 8.904340580950997897e-01 7.702158999147445950e-03 1.018637829057527089e-01
3.926482642739795298e-05 8.785097802726862248e-01 7.599015276259390994e-03 1.138912044510543287e-01
4.050130069281321604e-05 8.660097100676021897e-01 7.490891011082467799e-03 1.264993989213153425e-01
4.159874874129948123e-05 8.529526487659236933e-01 7.377948832722525108e-03 1.396694024013537261e-01
4.255504730622987146e-05 8.393582354228512621e-01 7.260358616898443529e-03 1.533814059602503499e-01
4.336875802006357015e-05 8.252469173232769295e-01 7.138297230429302420e-03 1.676147854462938236e-01
4.403912957741061270e-05 8.106399192268267662e-01 7.011948265206902065e-03 1.823481325079662763e-01
4.456609602256674240e-05 7.955592114435918738e-01 6.881501762054653693e-03 1.975592867943534170e-01
4.495027118114180021e-05 7.800274767885400085e-01 6.747153924886672982e-03 2.132253692865733741e-01
4.519293927821957819e-05 7.640680764642930889e-01 6.609106825597399482e-03 2.293228167101095671e-01
4.529604180801137959e-05 7.477050149235751064e-01 6.467568100125609121e-03 2.458274169762993400e-01
4.526216074209028713e-05 7.309629037641706129e-01 6.322750636149676584e-03 2.627143455996797661e-01
4.509449818488354278e-05 7.138669247106954607e-01 6.174872252883822910e-03 2.799582030364207164e-01
4.479685260601275112e-05 6.964427917388535949e-01 6.024155373457074081e-03 2.975330528876893865e-01
4.437359179920487973e-05 6.787167123991455497e-01 5.870826690367370038e-03 3.154124609104871357e-01
4.382962273671184387e-05 6.607153483982012299e-01 5.715116824514532290e-03 3.335695347772842378e-01
4.317035850636656970e-05 6.424657754970225509e-01 5.557259978324124994e-03 3.519769645246533241e-01
4.240168253546140677e-05 6.239954427864528030e-01 5.397493583484846980e-03 3.706070636300623500e-01
4.152991032145570956e-05 6.053321314011262944e-01 5.236057943828476002e-03 3.894318106550452852e-01
4.056174890400730343e-05 5.865039127339972680e-01 5.073195873890157248e-03 4.084228913921125748e-01
3.950425432589396951e-05 5.675391062142767229e-01 4.909152333691990666e-03 4.275517414520312864e-01
3.836478734198030976e-05 5.484662367123420701e-01 4.744174060300088147e-03 4.467895892273578973e-01
3.715096764537897353e-05 5.293139916355982244e-01 4.578509196708380191e-03 4.661074991676933954e-01
3.587062688837061440e-05 5.101111777798956748e-01 4.412406918608113848e-03 4.854764153014962669e-01
3.453176078234860966e-05 4.908866780013714237e-01 4.246117059603815580e-03 5.048672049390248162e-01
3.314248056607022996e-05 4.716694077738893265e-01 4.079889735439823362e-03 5.242507024906708502e-01
3.171096413475729388e-05 4.524882716974215624e-01 3.913974967802436034e-03 5.435977533347760016e-01
3.024540712409634676e-05 4.333721200227852455e-01 3.748622308263727110e-03 5.628792576689510829e-01
2.875397424292249157e-05 4.143497052581271989e-01 3.584080462932071054e-03 5.820662142789406746e-01
2.724475114634310175e-05 3.954496389224249064e-01 3.420596918374707585e-03 6.011297641592003860e-01
2.572569713727176726e-05 3.767003485110473893e-01 3.258417569374338907e-03 6.200412339195782163e-01
2.420459897883267298e-05 3.581300347381100035e-01 3.097786349080255963e-03 6.387721789128097960e-01
2.268902609288404081e-05 3.397666291199271660e-01 2.938944862109660328e-03 6.572944260179631737e-01
2.118628741105005127e-05 3.216377519633712989e-01 2.782132021151462187e-03 6.755801160154772944e-01
1.970339013419446870e-05 3.037706708223184560e-01 2.627583687619117203e-03 6.936017454900624823e-01
1.824700064427326655e-05 2.861922594846746382e-01 2.475532316892570250e-03 7.113322081984327916e-01
1.682340779905605046e-05 2.689289575516655706e-01 2.326206608683711874e-03 7.287448358396506620e-01
1.543848882536956311e-05 2.520067306701916365e-01 2.179831163050427456e-03 7.458134381667579360e-01
1.409767801039872572e-05 2.354510314780606794e-01 2.036626142576880572e-03 7.625123423793624955e-01
1.280593837326558108e-05 2.192867613208457911e-01 1.896806941228734722e-03 7.788164317379254742e-01
1.156773648070803441e-05 2.035382327979516903e-01 1.760583860380471322e-03 7.947011833416678384e-01
1.038702055130506182e-05 1.882291331942267387e-01 1.628161792502746952e-03 8.101427050132705698e-01
9.267201972462137715e-06 1.733824888521351415e-01 1.499739912985686985e-03 8.251177712348791715e-01
8.211140333397649486e-06 1.590206305380597041e-01 1.375511380560856534e-03 8.396038580813793839e-01
7.221132055807411406e-06 1.451651598549106303e-01 1.255663046774158076e-03 8.535791770983152116e-01
6.298902681800842375e-06 1.318369167514695794e-01 1.140375174944974201e-03 8.670227080735853908e-01
5.445602856330727603e-06 1.190559481774629003e-01 1.029821169036104767e-03 8.799142306535010505e-01
4.661808018706220558e-06 1.068414779315032259e-01 9.241673128415617278e-04 8.922343547556552679e-01
3.947521795100914949e-06 9.521187774733397280e-02 8.235725198856291840e-04 9.039645497327803980e-01
3.302183061345268608e-06 8.418463966196954029e-02 7.281880944104424103e-04 9.150871722436200173e-01
2.724676622871003601e-06 7.377634970747393162e-02 6.381575038125752997e-04 9.255854927887134931e-01
2.213347436589293706e-06 6.400266296625189977e-02 5.536161628739710849e-04 9.354437208708741291e-01
1.766018277867602538e-06 5.487828002790706705e-02 4.746912301163974668e-04 9.446470287419765910e-01
1.380010734752554147e-06 4.641692488405602113e-02 4.015014165937302870e-04 9.531815736993503041e-01
1.052169391294994780e-06 3.863132429621429775e-02 3.341568074267109445e-04 9.610345188963590468e-01
7.788890423917369894e-07 3.153318867154730754e-02 2.727586963799932818e-04 9.681940526320726992e-01
5.561447640827962254e-07 2.513319448328987793e-02 2.173994338007800842e-04 9.746494060829092865e-01
3.795246458483156344e-07 1.944096828078734074e-02 1.681622883072941832e-04 9.803908694309053651e-01
2.442649752449979132e-07 1.446507235983585105e-02 1.251213228388725618e-04 9.854098063173253319e-01
1.452876503240578630e-07 1.021299224633853697e-02 8.834128639084726231e-05 9.896986664672706713e-01
